0.000000 20.000000
0.000007 20.000000
0.000015 20.000000
0.000023 20.000000
0.000030 20.000000
0.000038 20.000000
0.000045 20.000000
0.000052 20.000000
0.000060 20.000000
0.000067 20.000000
0.000075 20.000000
0.000083 20.000000
0.000090 20.000001
0.000098 20.000002
0.000105 20.000006
0.000113 20.000016
0.000120 20.000036
0.000128 20.000074
0.000135 20.000139
0.000143 20.000244
0.000150 20.000404
0.000157 20.000636
0.000165 20.000960
0.000172 20.001395
0.000180 20.001964
0.000187 20.002685
0.000195 20.003582
0.000202 20.004672
0.000210 20.005975
0.000217 20.007507
0.000225 20.009283
0.000232 20.011317
0.000240 20.013618
0.000247 20.016195
0.000255 20.019056
0.000262 20.022205
0.000270 20.025645
0.000277 20.029375
0.000285 20.033397
0.000292 20.037706
0.000300 20.042300
0.000307 20.047174
0.000315 20.052322
0.000322 20.057735
0.000330 20.063408
0.000337 20.069330
0.000345 20.075494
0.000352 20.081889
0.000360 20.088506
0.000367 20.095335
0.000375 20.102364
0.000382 20.109585
0.000390 20.116985
0.000397 20.124555
0.000405 20.132285
0.000412 20.140163
0.000420 20.148181
0.000427 20.156327
0.000435 20.164593
0.000442 20.172968
0.000450 20.181443
0.000457 20.190010
0.000465 20.198660
0.000472 20.207383
0.000480 20.216173
0.000487 20.225021
0.000495 20.233920
0.000502 20.242862
0.000510 20.251841
0.000517 20.260849
0.000525 20.269881
0.000532 20.278931
0.000540 20.287992
0.000547 20.297059
0.000555 20.306128
0.000562 20.315192
0.000570 20.324248
0.000577 20.333290
0.000585 20.342315
0.000592 20.351318
0.000600 20.360297
0.000607 20.369246
0.000615 20.378163
0.000622 20.387045
0.000630 20.395889
0.000637 20.404691
0.000645 20.413450
0.000652 20.422163
0.000660 20.430827
0.000667 20.439441
0.000675 20.448002
0.000682 20.456508
0.000690 20.464959
0.000697 20.473352
0.000705 20.481686
0.000712 20.489960
0.000720 20.498172
0.000727 20.506321
0.000735 20.514406
0.000742 20.522426
0.000750 20.530381
0.000757 20.538270
0.000765 20.546092
0.000772 20.553846
0.000780 20.561532
0.000787 20.569149
0.000795 20.576698
0.000802 20.584177
0.000810 20.591587
0.000817 20.598926
0.000825 20.606197
0.000832 20.613397
0.000840 20.620527
0.000847 20.627587
0.000855 20.634577
0.000862 20.641497
0.000870 20.648347
0.000877 20.655127
0.000885 20.661838
0.000892 20.668480
0.000900 20.675052
0.000907 20.681556
0.000915 20.687991
0.000922 20.694357
0.000930 20.700656
0.000937 20.706887
0.000945 20.713051
0.000952 20.719148
0.000960 20.725178
0.000967 20.731143
0.000975 20.737041
0.000982 20.742875
0.000990 20.748644
0.000997 20.754348
