1.00061 0.00021009149999999999 1.1 0 
1.00033 0.00021004949999999997 1.2000000000000002 0 
1.20052 0.00024007800000000001 1.3000000000000003 0 
1.35715 0.0002635725 1.4000000000000004 0 
1.40068 0.000270102 1.5000000000000004 0 
1.50087 0.0002851305 1.6000000000000005 0 
1.62555 0.0003038325 1.7000000000000006 0 
1.70073 0.0003151095 1.8000000000000007 0 
1.80085 0.0003301275 1.9000000000000008 0 
1.9012 0.00108518 2.000000000000001 0 
2.0006 0.00110009 2.100000000000001 0 
2.1003 0.001115045 2.200000000000001 0 
2.2006 0.00113009 2.300000000000001 0 
2.2997 0.001144955 2.4000000000000012 0 
2.3891 0.0011583650000000002 2.5000000000000013 0 
2.4632 0.00116948 2.6000000000000014 0 
2.4742 0.00117113 2.7000000000000015 0 
2.4932 0.00117398 2.8000000000000016 0 
2.5117 0.001176755 2.9000000000000017 0 
2.5181 0.001177715 3.0000000000000018 0 
2.5273 0.001179095 3.100000000000002 0 
2.5356 0.00118034 3.200000000000002 0 
2.5424 0.00118136 3.300000000000002 0 
2.5488 0.00118232 3.400000000000002 0 
2.5547 0.001183205 3.500000000000002 0 
2.5602 0.00118403 3.6000000000000023 0 
2.5653 0.001184795 3.7000000000000024 0 
2.5701 0.001185515 3.8000000000000025 0 
2.5746 0.0011861900000000002 3.9000000000000026 0 
2.5808 0.00118712 4.000000000000003 0 
2.5832 0.00118748 4.100000000000002 0 
2.5871 0.001188065 4.200000000000002 0 
2.591 0.00118865 4.300000000000002 0 
2.5946 0.0011891900000000001 4.400000000000001 0 
2.5982 0.00118973 4.500000000000001 0 
2.6016 0.00119024 4.6000000000000005 0 
2.6049 0.001190735 4.7 0 
2.6082 0.0011912300000000002 4.8 0 
2.6114 0.0011917100000000001 4.8999999999999995 0 
2.6146 0.00119219 4.999999999999999 0 
2.618 0.0011927 5.099999999999999 0 
2.6206 0.00119309 5.199999999999998 0 
2.6235 0.001193525 5.299999999999998 0 
2.6265 0.0011939750000000001 5.399999999999998 0 
2.6291 0.001194365 5.499999999999997 0 
2.6319 0.001194785 5.599999999999997 0 
2.6346 0.00119519 5.699999999999997 0 
2.6372 0.00119558 5.799999999999996 0 
2.6398 0.00119597 5.899999999999996 0 
2.6424 0.00119636 5.999999999999996 0 
2.6449 0.001196735 6.099999999999995 0 
2.6478 0.00119717 6.199999999999995 0 
2.6499 0.001197485 6.2999999999999945 0 
2.6524 0.00119786 6.399999999999994 0 
2.6549 0.001198235 6.499999999999994 0 
2.657 0.00119855 6.599999999999993 0 
2.6594 0.00119891 6.699999999999993 0 
2.6618 0.0011992700000000001 6.799999999999993 0 
2.664 0.0011996 6.899999999999992 0 
2.6663 0.001199945 6.999999999999992 0 
2.6686 0.0012002900000000001 7.099999999999992 0 
2.6708 0.00120062 7.199999999999991 0 
2.6732 0.00120098 7.299999999999991 0 
2.675 0.00120125 7.399999999999991 0 
2.6772 0.00120158 7.49999999999999 0 
2.6795 0.001201925 7.59999999999999 0 
2.6815 0.0012022250000000001 7.6999999999999895 0 
2.6835 0.001202525 7.799999999999989 0 
2.6856 0.0012028400000000002 7.899999999999989 0 
2.6876 0.0012031400000000001 7.9999999999999885 0 
2.6896 0.00120344 8.099999999999989 0 
2.6917 0.001203755 8.199999999999989 0 
2.6937 0.001204055 8.299999999999988 0 
2.6959 0.001204385 8.399999999999988 0 
2.6973 0.001204595 8.499999999999988 0 
2.6995 0.001204925 8.599999999999987 0 
2.7016 0.00120524 8.699999999999987 0 
2.7034 0.00120551 8.799999999999986 0 
2.7053 0.001205795 8.899999999999986 0 
2.7072 0.00120608 8.999999999999986 0 
2.709 0.0012063500000000001 9.099999999999985 0 
2.7109 0.001206635 9.199999999999985 0 
2.7126 0.00120689 9.299999999999985 0 
2.7145 0.001207175 9.399999999999984 0 
2.7166 0.00120749 9.499999999999984 0 
2.718 0.0012077 9.599999999999984 0 
2.7199 0.001207985 9.699999999999983 0 
2.7219 0.0012082850000000001 9.799999999999983 0 
2.7232 0.00120848 9.899999999999983 0 
2.7253 0.001208795 9.999999999999982 0 
2.727 0.0012090500000000001 10.099999999999982 0 
2.7287 0.001209305 10.199999999999982 0 
2.7304 0.0012095600000000001 10.299999999999981 0 
2.732 0.0012098 10.39999999999998 0 
2.7338 0.0012100700000000002 10.49999999999998 0 
2.7358 0.0012103700000000001 10.59999999999998 0 
2.7371 0.001210565 10.69999999999998 0 
2.7389 0.001210835 10.79999999999998 0 
2.7407 0.001211105 10.899999999999979 0 
2.742 0.0012113 10.999999999999979 0 
2.7439 0.001211585 11.099999999999978 0 
2.7455 0.0012118250000000001 11.199999999999978 0 
2.7467 0.001212005 11.299999999999978 0 
2.7488 0.00121232 11.399999999999977 0 
2.7504 0.0012125600000000001 11.499999999999977 0 
2.7515 0.001212725 11.599999999999977 0 
2.7536 0.00121304 11.699999999999976 0 
2.755 0.00121325 11.799999999999976 0 
2.7563 0.001213445 11.899999999999975 0 
2.7583 0.001213745 11.999999999999975 0 
2.7595 0.001213925 12.099999999999975 0 
2.7614 0.00121421 12.199999999999974 0 
2.7629 0.001214435 12.299999999999974 0 
2.7641 0.001214615 12.399999999999974 0 
2.766 0.0012149 12.499999999999973 0 
2.7675 0.001215125 12.599999999999973 0 
2.7686 0.00121529 12.699999999999973 0 
2.7705 0.001215575 12.799999999999972 0 
2.772 0.0012158 12.899999999999972 0 
2.7731 0.001215965 12.999999999999972 0 
2.7752 0.0012162800000000001 13.099999999999971 0 
2.7763 0.001216445 13.19999999999997 0 
2.7775 0.001216625 13.29999999999997 0 
2.7794 0.00121691 13.39999999999997 0 
2.7804 0.00121706 13.49999999999997 0 
2.7818 0.0012172700000000001 13.59999999999997 0 
2.7836 0.00121754 13.699999999999969 0 
2.7846 0.00121769 13.799999999999969 0 
2.7864 0.0012179600000000001 13.899999999999968 0 
2.7878 0.00121817 13.999999999999968 0 
2.789 0.00121835 14.099999999999968 0 
2.791 0.00121865 14.199999999999967 0 
2.792 0.0012188 14.299999999999967 0 
2.7931 0.001218965 14.399999999999967 0 
2.795 0.00121925 14.499999999999966 0 
2.796 0.0012194 14.599999999999966 0 
2.7973 0.001219595 14.699999999999966 0 
2.799 0.00121985 14.799999999999965 0 
2.7999 0.001219985 14.899999999999965 0 
2.8012 0.00122018 14.999999999999964 0 
2.803 0.00122045 15.099999999999964 0 
2.8039 0.0012205850000000002 15.199999999999964 0 
2.8053 0.001220795 15.299999999999963 0 
2.8069 0.001221035 15.399999999999963 0 
2.8079 0.001221185 15.499999999999963 0 
2.8095 0.001221425 15.599999999999962 0 
2.8107 0.0012216050000000002 15.699999999999962 0 
2.8118 0.00122177 15.799999999999962 0 
2.8135 0.001222025 15.899999999999961 0 
2.8145 0.001222175 15.999999999999961 0 
2.8157 0.001222355 16.099999999999962 0 
2.8174 0.00122261 16.199999999999964 0 
2.8184 0.00122276 16.299999999999965 0 
2.8197 0.001222955 16.399999999999967 0 
2.8212 0.00122318 16.499999999999968 0 
2.8223 0.001223345 16.59999999999997 0 
2.824 0.0012236 16.69999999999997 0 
2.8251 0.001223765 16.799999999999972 0 
2.8262 0.00122393 16.899999999999974 0 
2.8278 0.0012241700000000001 16.999999999999975 0 
2.8287 0.001224305 17.099999999999977 0 
2.8299 0.001224485 17.199999999999978 0 
2.8314 0.00122471 17.29999999999998 0 
2.8323 0.001224845 17.39999999999998 0 
2.8336 0.0012250400000000002 17.499999999999982 0 
2.835 0.00122525 17.599999999999984 0 
2.836 0.0012254 17.699999999999985 0 
2.8375 0.001225625 17.799999999999986 0 
2.8385 0.0012257750000000001 17.899999999999988 0 
2.8396 0.00122594 17.99999999999999 0 
2.8412 0.00122618 18.09999999999999 0 
2.8422 0.00122633 18.199999999999992 0 
2.8433 0.001226495 18.299999999999994 0 
2.8448 0.0012267200000000002 18.399999999999995 0 
2.8457 0.001226855 18.499999999999996 0 
2.847 0.00122705 18.599999999999998 0 
2.8484 0.00122726 18.7 0 
2.8494 0.00122741 18.8 0 
2.8509 0.0012276350000000001 18.900000000000002 0 
2.852 0.0012278 19.000000000000004 0 
2.853 0.00122795 19.100000000000005 0 
2.8546 0.00122819 19.200000000000006 0 
2.8557 0.001228355 19.300000000000008 0 
2.8568 0.0012285199999999999 19.40000000000001 0 
2.8582 0.00122873 19.50000000000001 0 
2.8591 0.001228865 19.600000000000012 0 
2.8604 0.00122906 19.700000000000014 0 
2.862 0.0012293 19.800000000000015 0 
2.863 0.00122945 19.900000000000016 0 
2.8645 0.001229675 20.000000000000018 0 
2.8654 0.00122981 20.10000000000002 0 
2.8666 0.00122999 20.20000000000002 0 
2.868 0.0012301999999999999 20.300000000000022 0 
2.8688 0.00123032 20.400000000000023 0 
2.87 0.0012305 20.500000000000025 0 
2.8714 0.00123071 20.600000000000026 0 
2.8723 0.001230845 20.700000000000028 0 
2.8734 0.00123101 20.80000000000003 0 
2.8744 0.00123116 20.90000000000003 0 
2.8755 0.0012313250000000001 21.000000000000032 0 
2.8768 0.00123152 21.100000000000033 0 
2.8777 0.001231655 21.200000000000035 0 
2.8787 0.0012318049999999999 21.300000000000036 0 
2.8802 0.00123203 21.400000000000038 0 
2.8812 0.00123218 21.50000000000004 0 
2.8823 0.001232345 21.60000000000004 0 
2.8839 0.001232585 21.700000000000042 0 
2.8847 0.001232705 21.800000000000043 0 
2.8859 0.001232885 21.900000000000045 0 
2.8874 0.00123311 22.000000000000046 0 
2.8882 0.00123323 22.100000000000048 0 
