1.00073 0.00021010949999999997 1.1 0 
1.1527 0.000232905 1.2000000000000002 0 
1.20078 0.00024011699999999998 1.3000000000000003 0 
1.30091 0.0002551365 1.4000000000000004 0 
1.40081 0.0002701215 1.5000000000000004 0 
1.50093 0.0002851395 1.6000000000000005 0 
1.60057 0.0003000855 1.7000000000000006 0 
1.70948 0.000316422 1.8000000000000007 0 
1.80071 0.0003301065 1.9000000000000008 0 
1.90046 0.000345069 2.000000000000001 0 
1.99593 0.0010993895 2.100000000000001 0 
2.0736 0.00111104 2.200000000000001 0 
2.1274 0.00111911 2.300000000000001 0 
2.1639 0.001124585 2.4000000000000012 0 
2.1911 0.001128665 2.5000000000000013 0 
2.2134 0.0011320100000000001 2.6000000000000014 0 
2.2412 0.00113618 2.7000000000000015 0 
2.2491 0.001137365 2.8000000000000016 0 
2.2642 0.00113963 2.9000000000000017 0 
2.2812 0.00114218 3.0000000000000018 0 
2.2913 0.0011436950000000001 3.100000000000002 0 
2.3036 0.00114554 3.200000000000002 0 
2.3153 0.001147295 3.300000000000002 0 
2.3264 0.00114896 3.400000000000002 0 
2.337 0.0011505500000000002 3.500000000000002 0 
2.3473 0.0011520950000000001 3.6000000000000023 0 
2.3572 0.00115358 3.7000000000000024 0 
2.3668 0.00115502 3.8000000000000025 0 
2.376 0.0011564000000000001 3.9000000000000026 0 
2.385 0.00115775 4.000000000000003 0 
2.3987 0.001159805 4.100000000000002 0 
2.4022 0.00116033 4.200000000000002 0 
2.4106 0.00116159 4.300000000000002 0 
2.4207 0.001163105 4.400000000000001 0 
2.4265 0.001163975 4.500000000000001 0 
2.4344 0.0011651600000000002 4.6000000000000005 0 
2.4419 0.001166285 4.7 0 
2.4493 0.001167395 4.8 0 
2.4565 0.001168475 4.8999999999999995 0 
2.4637 0.001169555 4.999999999999999 0 
2.4706 0.00117059 5.099999999999999 0 
2.4817 0.001172255 5.199999999999998 0 
2.4842 0.00117263 5.299999999999998 0 
2.4897 0.001173455 5.399999999999998 0 
2.4968 0.00117452 5.499999999999997 0 
2.5026 0.0011753900000000001 5.599999999999997 0 
2.509 0.00117635 5.699999999999997 0 
2.5152 0.00117728 5.799999999999996 0 
2.5214 0.0011782099999999998 5.899999999999996 0 
2.5274 0.0011791100000000001 5.999999999999996 0 
2.5332 0.00117998 6.099999999999995 0 
2.5391 0.0011808650000000001 6.199999999999995 0 
2.5474 0.00118211 6.2999999999999945 0 
2.5507 0.001182605 6.399999999999994 0 
2.5562 0.00118343 6.499999999999994 0 
2.5621 0.001184315 6.599999999999993 0 
2.5671 0.001185065 6.699999999999993 0 
2.5725 0.001185875 6.799999999999993 0 
2.5778 0.00118667 6.899999999999992 0 
2.583 0.00118745 6.999999999999992 0 
2.5881 0.001188215 7.099999999999992 0 
2.5931 0.0011889650000000002 7.199999999999991 0 
2.5981 0.001189715 7.299999999999991 0 
2.6061 0.001190915 7.399999999999991 0 
2.608 0.0011912000000000001 7.49999999999999 0 
2.6128 0.00119192 7.59999999999999 0 
2.6195 0.001192925 7.6999999999999895 0 
2.6222 0.00119333 7.799999999999989 0 
2.6269 0.001194035 7.899999999999989 0 
2.6315 0.001194725 7.9999999999999885 0 
2.6359 0.001195385 8.099999999999989 0 
2.6405 0.001196075 8.199999999999989 0 
2.6449 0.001196735 8.299999999999988 0 
2.6492 0.00119738 8.399999999999988 0 
2.6536 0.00119804 8.499999999999988 0 
2.658 0.0011987 8.599999999999987 0 
2.6621 0.001199315 8.699999999999987 0 
2.6687 0.001200305 8.799999999999986 0 
2.6705 0.0012005750000000002 8.899999999999986 0 
2.6746 0.00120119 8.999999999999986 0 
2.6791 0.001201865 9.099999999999985 0 
2.6826 0.00120239 9.199999999999985 0 
2.6866 0.00120299 9.299999999999985 0 
2.6905 0.0012035750000000001 9.399999999999984 0 
2.6944 0.0012041600000000001 9.499999999999984 0 
2.6982 0.00120473 9.599999999999984 0 
2.7021 0.001205315 9.699999999999983 0 
2.7058 0.00120587 9.799999999999983 0 
2.7118 0.00120677 9.899999999999983 0 
2.7131 0.001206965 9.999999999999982 0 
2.7168 0.0012075200000000001 10.099999999999982 0 
2.7208 0.00120812 10.199999999999982 0 
2.724 0.0012086 10.299999999999981 0 
2.7276 0.00120914 10.39999999999998 0 
2.7313 0.001209695 10.49999999999998 0 
2.7346 0.00121019 10.59999999999998 0 
2.738 0.0012106999999999999 10.69999999999998 0 
2.7414 0.0012112099999999999 10.79999999999998 0 
2.7447 0.001211705 10.899999999999979 0 
2.7481 0.001212215 10.999999999999979 0 
2.7514 0.00121271 11.099999999999978 0 
2.7547 0.0012132050000000002 11.199999999999978 0 
2.7598 0.00121397 11.299999999999978 0 
2.7612 0.00121418 11.399999999999977 0 
2.7645 0.0012146750000000001 11.499999999999977 0 
2.7679 0.0012151850000000001 11.599999999999977 0 
2.7708 0.00121562 11.699999999999976 0 
2.7739 0.001216085 11.799999999999976 0 
2.7771 0.001216565 11.899999999999975 0 
2.7801 0.0012170150000000001 11.999999999999975 0 
2.7831 0.001217465 12.099999999999975 0 
2.7863 0.001217945 12.199999999999974 0 
2.7893 0.001218395 12.299999999999974 0 
2.7941 0.001219115 12.399999999999974 0 
2.7951 0.001219265 12.499999999999973 0 
2.798 0.0012197 12.599999999999973 0 
2.8013 0.0012201949999999999 12.699999999999973 0 
2.8039 0.0012205850000000002 12.799999999999972 0 
2.8067 0.001221005 12.899999999999972 0 
2.8097 0.001221455 12.999999999999972 0 
2.8126 0.0012218900000000002 13.099999999999971 0 
2.8154 0.0012223099999999999 13.19999999999997 0 
2.8182 0.00122273 13.29999999999997 0 
2.821 0.00122315 13.39999999999997 0 
2.8243 0.001223645 13.49999999999997 0 
2.8265 0.001223975 13.59999999999997 0 
2.8293 0.001224395 13.699999999999969 0 
2.8321 0.001224815 13.799999999999969 0 
2.8347 0.001225205 13.899999999999968 0 
2.8375 0.001225625 13.999999999999968 0 
2.8403 0.001226045 14.099999999999968 0 
2.8429 0.0012264350000000001 14.199999999999967 0 
2.8456 0.00122684 14.299999999999967 0 
2.8481 0.001227215 14.399999999999967 0 
2.8507 0.001227605 14.499999999999966 0 
2.855 0.00122825 14.599999999999966 0 
2.8557 0.001228355 14.699999999999966 0 
2.8583 0.001228745 14.799999999999965 0 
2.8611 0.001229165 14.899999999999965 0 
2.8631 0.001229465 14.999999999999964 0 
2.8656 0.00122984 15.099999999999964 0 
2.8682 0.0012302300000000001 15.199999999999964 0 
2.8704 0.00123056 15.299999999999963 0 
2.8728 0.00123092 15.399999999999963 0 
2.8752 0.00123128 15.499999999999963 0 
2.8777 0.001231655 15.599999999999962 0 
2.88 0.001232 15.699999999999962 0 
2.8824 0.00123236 15.799999999999962 0 
2.8848 0.00123272 15.899999999999961 0 
2.8875 0.001233125 15.999999999999961 0 
2.8894 0.00123341 16.099999999999962 0 
2.8918 0.00123377 16.199999999999964 0 
2.8943 0.0012341449999999999 16.299999999999965 0 
2.8965 0.001234475 16.399999999999967 0 
2.8988 0.00123482 16.499999999999968 0 
2.901 0.00123515 16.59999999999997 0 
2.9033 0.001235495 16.69999999999997 0 
2.9055 0.001235825 16.799999999999972 0 
2.9077 0.001236155 16.899999999999974 0 
2.91 0.0012365000000000002 16.999999999999975 0 
2.9127 0.001236905 17.099999999999977 0 
2.9146 0.00123719 17.199999999999978 0 
2.9168 0.00123752 17.29999999999998 0 
2.919 0.00123785 17.39999999999998 0 
2.9213 0.001238195 17.499999999999982 0 
2.9236 0.00123854 17.599999999999984 0 
2.9259 0.001238885 17.699999999999985 0 
2.9283 0.001239245 17.799999999999986 0 
2.9307 0.001239605 17.899999999999988 0 
2.9331 0.001239965 17.99999999999999 0 
2.9355 0.001240325 18.09999999999999 0 
2.938 0.0012407 18.199999999999992 0 
2.94 0.001241 18.299999999999994 0 
2.9422 0.0012413300000000001 18.399999999999995 0 
2.9446 0.0012416900000000002 18.499999999999996 0 
2.9466 0.00124199 18.599999999999998 0 
2.9488 0.0012423199999999999 18.7 0 
2.9511 0.001242665 18.8 0 
2.9532 0.00124298 18.900000000000002 0 
2.9554 0.00124331 19.000000000000004 0 
2.9574 0.00124361 19.100000000000005 0 
2.9595 0.001243925 19.200000000000006 0 
2.9619 0.001244285 19.300000000000008 0 
2.9636 0.0012445400000000001 19.40000000000001 0 
2.9656 0.00124484 19.50000000000001 0 
2.968 0.0012452000000000001 19.600000000000012 0 
2.9698 0.00124547 19.700000000000014 0 
2.972 0.0012458 19.800000000000015 0 
2.9742 0.00124613 19.900000000000016 0 
2.9763 0.001246445 20.000000000000018 0 
2.9784 0.00124676 20.10000000000002 0 
2.9806 0.00124709 20.20000000000002 0 
2.9826 0.0012473900000000001 20.300000000000022 0 
2.9845 0.0012476750000000002 20.400000000000023 0 
2.9865 0.0012479750000000001 20.500000000000025 0 
2.9884 0.00124826 20.600000000000026 0 
2.9907 0.001248605 20.700000000000028 0 
2.9921 0.0012488150000000001 20.80000000000003 0 
2.9943 0.0012491450000000001 20.90000000000003 0 
2.9966 0.00124949 21.000000000000032 0 
2.9984 0.00124976 21.100000000000033 0 
3.0005 0.001250075 21.200000000000035 0 
3.0027 0.001250405 21.300000000000036 0 
3.0047 0.001250705 21.400000000000038 0 
3.0068 0.00125102 21.50000000000004 0 
3.0088 0.00125132 21.60000000000004 0 
3.0107 0.001251605 21.700000000000042 0 
3.0126 0.00125189 21.800000000000043 0 
3.0146 0.00125219 21.900000000000045 0 
3.0167 0.0012525050000000001 22.000000000000046 0 
3.0189 0.0012528349999999999 22.100000000000048 0 
3.0208 0.00125312 22.20000000000005 0 
3.0227 0.001253405 22.30000000000005 0 
3.0244 0.00125366 22.400000000000052 0 
3.0262 0.0012539299999999999 22.500000000000053 0 
3.028 0.0012542 22.600000000000055 0 
3.0299 0.001254485 22.700000000000056 0 
3.0317 0.001254755 22.800000000000058 0 
3.0335 0.001255025 22.90000000000006 0 
3.0353 0.001255295 23.00000000000006 0 
3.0375 0.001255625 23.100000000000062 0 
3.0397 0.001255955 23.200000000000063 0 
